Sample	1.0	2.0	3.0	4.0	5.0	6.0	7.0	8.0	9.0	>10	>50	>100	>500	>1k	>5k	>10k+
SRR11050679_1										26.644553218244177	5.266265684834865	7.2478502486053795	1.6579936072925794	1.0392071163482746	0.02020026019964672	0.0
SRR11050679_1_paired										27.38372438074646	5.376524655023344	7.44366014855366	1.6696606725005263	1.061885575900075	0.02035059847566765	0.0
SRR11050679_2										23.02653925932761	3.9713338642729026	5.207510315951796	0.8379773893690341	0.3718675365167234	0.0	0.0
SRR11050679_2_paired										23.03209846194913	3.929769390726947	5.197492967109594	0.8101790018573751	0.35757948140155305	0.0	0.0
SRR11816476_1										22.24612515379612	6.9770740441795915	11.436890609943248	2.48070485520914	1.7992551284182576	0.07677049579385034	0.0
SRR11816476_1_paired										22.877977522123775	7.201508515355372	11.813598995794075	2.5809073644361744	1.8312315749670947	0.0	0.0
SRR11816476_2										21.842448896427623	6.931175612998371	11.033858992687437	2.498259912476888	1.6531581353055103	0.11951567271594446	0.0
SRR11816476_2_paired										22.524672776631665	7.257070733175063	11.522428934435446	2.657131097004448	1.6900406828194259	0.053934093500901524	0.0
SRR11816478_1										21.551188045103604	8.011534438748788	15.394834459945267	3.7465421685671867	1.9050215431766482	0.06201950880118616	0.0
SRR11816478_1_paired										22.09224921079951	8.335803715252469	15.874088430419686	3.7856577424089153	1.8997925684511492	0.0	0.0
SRR11816478_2										21.20477294912203	8.0233965148683	14.835716214039449	3.628044022592321	1.847530340835387	0.06131022313796789	0.0
SRR11816478_2_paired										21.845333725253294	8.360472196004515	15.550566116762898	3.6326299641908624	1.9234920072222772	0.0	0.0
SRR11816479_1										12.744151747713294	1.991090800320256	1.5888758719867575	0.04096626224712924	0.02290039504497908	0.0	0.0
SRR11816479_1_paired										12.911935189790254	2.0387924210160597	1.5829351501501818	0.041100960460911926	0.013440187492492296	0.0	0.0
SRR11816479_2										12.112932930346984	1.8209599184066245	1.560561380741189	0.08122943725770003	0.0	0.05852923998443245	0.0
SRR11816479_2_paired										12.6562393137709	1.882453281117536	1.5961926512840456	0.0732685093455019	0.025665655344696524	0.0	0.0
SRR12963743_1										21.502011687356827	5.045735547305397	7.484182159848219	0.9083765290016976	0.4149412600261417	0.0	1.5677726639267058
SRR12963743_1_paired										22.90041276396828	5.4961305955462025	8.292572221978396	0.9829931202454376	0.5548627189047939	0.0	1.041880359820568
SRR12963743_2										22.385376274480564	5.426229361395826	7.252799741130699	0.7329978974156336	0.4029321583796072	0.0	0.09195007274109443
SRR12963743_2_paired										22.475485671772116	5.464391944316209	7.234419270865783	0.6887864901709334	0.44721878135173687	0.07784103583462086	0.0
SRR12963744_1										22.267065625713702	4.633436972537187	7.0993588213526015	0.9075778672616732	0.4763098436148467	0.0	3.4831533402096495
SRR12963744_1_paired										23.092880611727757	4.852931065177827	7.455898608644938	0.9250313623792821	0.543881416042293	0.029109146210714275	2.618509964398388
SRR12963744_2										23.060209402487	5.040627415459982	6.947923491470684	0.8608136979524457	0.5140749997460409	0.08012175470752023	0.34584091102054687
SRR12963744_2_paired										22.726977703859994	4.9011273963802875	6.62378753259932	0.7936117279420926	0.46790945845130993	0.0	0.3204625000378406
SRR12963745_1										20.776643064596726	3.8501188862010123	5.230876881798999	0.6491585561729466	0.3459232533986406	0.040266743697192166	0.0
SRR12963745_1_paired										20.91217480136221	3.9910328460488547	5.250205912881707	0.6546714025368524	0.3316941882339363	0.0	0.0
SRR12963745_2										20.232028513220424	3.8817024149464032	4.641891740515622	0.4919261735387411	0.30329463630229264	0.08370478668329238	0.0
SRR12963745_2_paired										19.45978416026578	3.7294048893603806	4.277205194803399	0.4692657283887187	0.3429698286157162	0.0	0.0
SRR12963788_1										16.275662505831274	6.8401975566983815	15.064019893305952	5.815879588717113	10.932831842432877	1.4178179610567976	0.0
SRR12963788_1_paired										16.260749034416364	7.166775821761691	16.12922789128549	6.595746123439598	12.000578366417269	1.4865038728530378	0.0
SRR12963788_2										16.367410221206065	6.981197241722861	16.313471166822698	6.227558371186759	9.815965660432914	1.1821150531157831	0.09353257963025585
SRR12963788_2_paired										16.63570857580536	7.064994316479065	16.491538449310156	6.309335349414972	9.83292892847339	1.1990061641017629	0.0
SRR12963789_1										15.712357446261493	6.461032256528043	13.914413611462884	4.99341749770455	8.463175654451002	0.9045494068560824	0.0
SRR12963789_1_paired										16.06183567627437	6.671025423409496	14.57181419297712	5.341708260437676	8.870067496842413	0.926140453550189	0.0
SRR12963789_2										15.810750316790559	6.311014873350898	13.916295672840128	5.254084560318412	7.889853120151271	0.30462936469437374	0.26581428252279865
SRR12963789_2_paired										16.007032306229245	6.388286855675743	14.011049794215355	5.358528948763182	8.062383006458704	0.25609257458424906	0.15607102017599386
SRR12963790_1										18.708801320443865	8.049003414574003	17.441545723238168	6.093171980854189	6.903113895301234	0.7861053144832872	0.0
SRR12963790_1_paired										19.337390518947416	8.53830149503932	18.60876514265552	6.24164954250778	6.416009080833596	0.34189598157217244	0.0
SRR12963790_2										16.13743777703273	7.072391531633604	15.727324079153785	5.522208413599163	3.6808703562348346	0.40389308413061875	1.8676286767913122
SRR12963790_2_paired										18.850502253232047	8.44110585882299	18.39537244685569	6.242987358011432	4.191022398455961	0.4797252200884132	1.3430248281107078
SRR13326549_1										25.754969446451963	6.8254287328712175	11.176759447816034	2.9829236930399	4.6720095136654685	1.2613112561096949	1.405371751609666
SRR13326549_1_paired										24.300494268696323	6.473966130210969	10.632821957976065	2.9714300499507327	4.584787235935823	1.3085874253003	1.3926907129759971
SRR13326549_2										22.59043620100252	5.874280427584819	9.54784055046006	2.623894665021405	4.2204072516178055	0.8478601971315818	1.2145060118759785
SRR13326549_2_paired										24.61507673530082	6.417333825302412	10.263662682938577	2.800691564452759	4.282231621936127	0.9294670709604226	1.2390557083023148
SRR13326553_1										5.786348123610339	2.093487247488669	10.953396074243653	9.48261583447783	31.862819017178605	12.68502543914094	15.909670222433189
SRR13326553_1_paired										5.129410056860841	1.7837219127707822	10.428953967772582	9.599050719813356	32.50738082438374	13.046699571959094	16.489177127485817
SRR13326553_2										5.826569834883663	1.8927745935601592	10.202225733978745	9.091784569799822	29.756825885945332	11.3037987044869	14.225136285184082
SRR13326553_2_paired										5.329814137147415	1.6388098666350919	10.021030026746786	9.249631375471274	30.39326092397246	11.478679476747406	14.694220551264731
SRR14483578_1										14.349056144302812	4.617280156686172	13.938287289932106	5.330902583630334	5.036067706964065	0.4014504019046279	1.8394967754988014
SRR14483578_1_paired										14.33747656995234	4.716359810554835	14.198596326714128	5.346790306730827	5.09278351313293	0.24465280897888686	0.9076000005684178
SRR14483578_2										13.414310264585676	4.141061262148098	12.09736602957671	4.356897639336891	4.382127958353232	0.37189490230087024	2.264168828526465
SRR14483578_2_paired										13.627928316514875	4.33502559453064	12.470461589695352	4.419716914728347	4.484712751709646	0.29616524098158814	1.2157116066947464
SRR14483579_1										13.602771525134344	4.426908401725493	12.840327255046374	3.3030191828541846	3.457100327115266	0.0	2.728266003642678
SRR14483579_1_paired										13.750126688198403	4.537864555907576	13.139614509084534	3.120740763418697	3.48620041599866	0.2463795463635626	1.1234426182436166
SRR14483579_2										12.407052328914563	3.989534051932321	10.963418363842042	2.7067399058341386	3.2922336167874073	0.25487767932015853	2.995385062130097
SRR14483579_2_paired										12.81150609308085	4.204336124306607	11.376450653576915	2.6464409608109505	3.388190188521011	0.13471769757328678	1.5103618058290813
SRR14483580_1										15.515343709604648	3.4376442495087303	7.322294783407162	1.7643072698438642	1.3157545741208478	0.0	1.682609155248061
SRR14483580_1_paired										15.405273193024241	3.5186061476495083	7.151236382282134	1.6024119470439666	1.0786617444574196	0.1677918269155986	0.6456989053627054
SRR14483580_2										14.438608817212122	3.1251125562312	6.236704103914182	1.3834498031988174	1.2834655453159458	0.0	2.1273154925766864
SRR14483580_2_paired										14.704957763126586	3.2146230791317807	6.373406626822513	1.371647514425874	1.2793727720288666	0.0	1.031553472008239
SRR14517640_1										35.24761831184489	6.756800174432525	6.1932096998682065	0.6900010193403326	0.38604005084312853	0.017059512477453062	0.0
SRR14517640_1_paired										36.52115303224864	7.130736787048407	6.56169480592357	0.743087457819794	0.4012633178719962	0.017648379728239266	0.0
SRR14517640_2										33.334687326890034	4.1438473792986725	3.1697601063108927	0.34790705269038774	0.14155585982853017	0.0	0.07718345137133224
SRR14517640_2_paired										33.41177885311025	4.1556569309287985	3.1687728402368256	0.3442184688014473	0.14041410309191804	0.020869356923800948	0.033976957947370504
SRR14839288_1										35.24761831184489	6.756800174432525	6.1932096998682065	0.6900010193403326	0.38604005084312853	0.017059512477453062	0.0
SRR14839288_1_paired										36.52115303224864	7.130736787048407	6.56169480592357	0.743087457819794	0.4012633178719962	0.017648379728239266	0.0
SRR14839288_2										33.334687326890034	4.1438473792986725	3.1697601063108927	0.34790705269038774	0.14155585982853017	0.0	0.07718345137133224
SRR14839288_2_paired										33.41177885311025	4.1556569309287985	3.1687728402368256	0.3442184688014473	0.14041410309191804	0.020869356923800948	0.033976957947370504
SRR21096539_1										21.103343599895897	8.682876073457903	19.069760317560483	6.205351617590103	5.399188965315839	0.2593809938067318	0.3570933986553613
SRR21096539_1_paired										21.441912573605386	8.977971593417791	19.612556858422252	6.377319290277946	5.55080644262717	0.23106495776361868	0.0
SRR21096539_2										20.519532375578276	8.546994631570154	18.63802087683772	5.796171180849314	5.442339079282208	0.32752834347899723	0.19055066677264662
SRR21096539_2_paired										21.098460826710703	8.887634391540349	19.462590892446574	5.944080992422427	5.711639450782837	0.2807900813173327	0.0
SRR21096542_1										16.825790513039856	1.9644016813468845	1.698533030428354	0.15565313894268035	0.16832102817549596	0.0	3.483156796733787
SRR21096542_1_paired										17.480446601963617	2.076563264609226	1.6286158693946087	0.09091803744732568	0.06503336842894542	0.0	0.17640373317416694
SRR21096542_2										16.32958806406121	1.9067288364884571	1.7774717324799578	0.13671971977096495	0.3157121405964138	0.038295199749548356	2.8420396390261526
SRR21096542_2_paired										17.456343025151135	2.0187848228447844	1.7423498458046	0.10623781470492667	0.02162491497518199	0.052418793899841144	0.0
SRR21096545_1										23.334326738823165	8.250555681064691	15.5181081856616	5.350453409436687	6.710507868128259	0.3255563240811349	0.35537191989107253
SRR21096545_1_paired										23.752295381676614	8.478101903727175	15.756206257374192	5.488510281547058	6.828052051806373	0.3046271995893378	0.12373032785376704
SRR21096545_2										22.54231629235582	8.221041420753492	14.827425247860296	5.334638995252532	6.497608403722188	0.2427533224155603	0.12370922573339294
SRR21096545_2_paired										23.19379339249277	8.413394365722072	15.285023351072955	5.469286568631394	6.580307553469108	0.3079877024310948	0.12624446416482502
SRR21096550_1										15.372327459126472	2.079852482587145	1.95309254694227	0.2765492364831433	0.25231598033960345	0.0	0.8334021575843444
SRR21096550_1_paired										15.673844629407228	2.0518005800084995	1.905487781766707	0.2758708126380041	0.24936235151639335	0.0	0.0
SRR21096550_2										14.947787007609284	1.8652608284981376	1.9618661963693453	0.22493390858369686	0.26850526085294213	0.0	0.3453306784548795
SRR21096550_2_paired										15.386345420718223	1.8971667713226867	1.9015259167073875	0.26511715082767306	0.16002072771432455	0.0	0.0
SRR21159093_1										22.81434397559808	5.632532720509743	12.463002062638946	5.327190041536056	10.57192031656221	3.717321027063134	5.480242437869633
SRR21159093_1_paired										22.27840120689518	5.8075334947342085	12.952597414011194	5.527026120656734	11.485119758221298	4.2229237114833715	6.124752322505618
SRR21159093_2										22.398506604557603	5.732839336654867	13.000542561070969	5.519156300163224	11.064317946092874	2.302369232920195	1.393387755865715
SRR21159093_2_paired										22.403352421886293	5.719694606785345	12.915780559884865	5.52266582300402	11.015985395953415	2.3621309087867863	1.5179345813382075
SRR21159094_1										30.070579681199494	4.535027220608517	7.689409928187044	2.3838729260646128	3.9245661388985247	1.1262189125054274	0.84102588539594
SRR21159094_2										27.182251826304537	3.4405665085885606	6.784722607738057	2.398187670296867	3.329544801573288	0.32806413088969877	0.11211689040004104
SRR21159097_1										23.275629224036624	6.123536503173683	13.07583064906616	5.260761929502399	10.429479474859678	3.596230438747044	5.463171184342412
SRR21159097_1_paired										22.814727106578207	6.2574561103544495	13.771609312614114	5.3883551114637145	11.465992588523367	4.1256823037857275	6.206235128428204
SRR21159097_2										23.253062142550593	5.9975969981937265	13.107491149030862	5.595751318952652	11.019029626289608	2.1300133261000265	1.377438587033795
SRR21159097_2_paired										23.234302035242433	5.994029115648733	13.065162337160332	5.588724629228156	11.013265731703225	2.134409886780538	1.4280337214858878
SRR21159098_1										35.186943701736425	8.253858726095789	9.141662924526155	1.0907208652774165	0.5493250698048445	0.09356253260493173	0.0
SRR21159098_1_paired										36.442378875050984	8.915134275230944	9.914047118205794	1.1523194834500845	0.6362165211346265	0.08960619724980602	0.0
SRR21159098_2										32.8445042882954	3.185536760633579	1.967186720319293	0.15683858586312197	0.05837603970283484	0.0	0.0
SRR21159098_2_paired										32.71269397695576	3.1174791027757163	1.9485149346757098	0.165854178385249	0.0804090920668139	0.0	0.0
SRR22311013_1										25.159581472409947	7.1051009045829865	16.04854756533471	6.1947224896977096	10.286116917828846	1.8186652657593911	3.2429385625518234
SRR22311013_1_paired										23.716901469185316	7.2004583103676785	17.310362280215877	7.073540181891189	12.754785620517456	2.256490126424654	1.8892978931594282
SRR22311013_2										23.62927106004639	6.973211134382497	17.004977817500826	6.887634552752737	11.48037395146419	1.9813141889877748	2.085524395986829
SRR22311013_2_paired										23.88948026093104	7.174113891993652	17.407216455470614	7.02468760112042	11.623842732913545	1.8443637840832545	1.311210590082423
SRR22311015_1										31.50129806341638	4.379816348697986	4.357876706505641	0.7666947640939898	0.4741178208045293	0.011992750062935006	2.7587760333383256
SRR22311015_1_paired										34.540598273779	5.0210197281561975	4.938775703031972	0.9285674681244185	0.5293333334074201	0.012290843489251127	0.17907942409264105
SRR22311015_2										31.567117537244183	4.985162556368363	5.389408862723688	1.059709521566138	0.9144945062100053	0.07147868887535021	1.5567575280903807
SRR22311015_2_paired										32.280430703839514	5.0909612042592745	5.390275685404696	1.0088380607218312	0.7744863071456844	0.02391205215924415	0.1451201572849687
SRR22311018_1										23.50999923312849	6.194640492171975	14.591792605272058	6.182227516642881	10.933434697769004	1.7028579609549135	3.6284308738341773
SRR22311018_1_paired										22.752491913828806	6.191761952431626	15.353389853108593	7.270064568122953	13.205619636002371	2.011183066636788	2.027378537890818
SRR22311018_2										22.70978543277047	6.137167876072459	15.301248121643338	7.067034158918169	11.718655860757345	2.083816873190175	1.9705623305778317
SRR22311018_2_paired										22.775205113445544	6.302800795619587	15.623581134070063	7.258653792628931	11.913814463824457	1.9633093686325025	1.2864297683826416
SRR22311020_1										27.027484040816297	4.19278123008464	5.285557222927043	1.3656057713310588	1.909615462807896	0.16385187967212494	1.7859016052113126
SRR22311020_1_paired										28.629037127102453	4.571642096901904	5.710474994263942	1.4802648887906256	2.125674112062469	0.19176539341931506	0.09951076800093274
SRR22311020_2										27.086729479367804	4.251454909564489	5.980558926979398	1.8385663858164407	2.294273913361082	0.24290413995223123	0.982860953473669
SRR22311020_2_paired										27.52310011124565	4.296523322233106	5.999290516162299	1.8406309279919641	2.146461157650262	0.20761654770014562	0.2811145818004248
SRR26583189_1										32.153019398367796	7.644339416933373	7.98922590483035	1.0506426893702934	0.5638131457176665	0.017999049083922594	0.06976977061526705
SRR26583189_2										32.037101996887216	4.787815436633476	4.217758601690272	0.39549223774385617	0.15731685179939375	0.01068413239080208	0.08632480015775074
SRR26583191_1										19.667367984261876	6.114190360394636	14.659477511830715	6.109627968576641	10.71304399321221	2.8906982052216694	2.6581782022641764
SRR26583191_2										18.440483336649898	6.191938070814975	15.569063656200607	6.002505711243073	9.498458164073446	1.8902999062092731	0.8530800486466051
SRR27194003_1										24.294796364822474	5.668314766478969	10.805966561079568	3.6154407861027282	5.583190683947625	0.6044295496493476	0.3539384065232448
SRR27194003_2										24.12125567984269	5.362887599160948	10.301560799327984	3.6622465233248698	3.8117503481767567	0.17037869229886363	0.21103020911300507
SRR27194004_1										23.10339973930314	5.849225062764429	11.951924154592088	4.456430349539167	6.616335166368399	0.8312067159159671	0.5440625776904512
SRR27194004_2										22.94177106297274	5.961434337918961	12.492357188514854	4.5007846213625795	4.101290320738281	0.1785156710614156	0.5164931546345645
SRR29317039_1										32.34024420212123	4.738102754620495	6.983850443575144	2.300907304290797	3.376171378287933	0.7449936110644981	0.0
SRR29317039_2										33.57794884236734	5.018516265639337	6.570131224189655	2.584509219347568	5.460877928209654	1.5194556111298407	0.5758406871604967
SRR29317041_1										26.649537526367105	5.329895369269035	13.72796379045624	6.708316364239576	10.321436057413717	1.63507891924731	0.2822133245697287
SRR29317041_2										22.2532228646639	4.186943801796619	13.271693865803332	7.858564224551593	14.871630480191236	2.8606103727527246	1.3799115263676225
SRR30844226_1										16.600302866847663	5.20765277130603	13.147830600841834	6.28839077957147	15.079916595097947	6.273415553300427	12.315880342163325
SRR30844226_2										15.219903916470573	5.198879570031409	13.881413458697475	6.3671803468642345	14.252249207869436	4.489812565437583	3.4579123887792163
SRR30844227_1										31.928251093592085	8.135664930787831	8.831095084191878	1.3311402282584948	1.222954149299763	0.08525448583571789	0.032664158094605905
SRR30844227_2										24.226241861533033	3.070636858785697	2.7103461061149723	0.4061875545489617	0.2504210976918669	0.010992329484272187	0.0
SRR33450572_1										16.442625180977387	5.473457550428068	15.102793534137312	7.843460103063425	17.786316769144143	4.7628957993949586	4.004565327941581
SRR33450572_2										15.803755410922877	5.478767892533121	16.20052525046316	8.679931758013762	18.401193796553585	4.276953643760812	3.2432945134773723
SRR6662598_1										23.63614412484398	7.377714724844196	13.134962983290349	3.824120197596242	7.216395777022436	2.7063786756415005	3.9335837561240554
SRR6662598_2										24.17635386296439	6.438855810316575	10.585331941056038	3.002088566528904	5.425147613422362	2.024537410304119	3.7016386109982693
SRR6662600_1										27.579071898913877	7.387099864083401	11.118366053259829	2.4530600312930217	2.4698123484991856	0.26450000610596225	0.1379858679790718
SRR6662600_2										27.205641503717366	5.792502351994705	7.2527326441883755	1.2337130471878608	0.8850965034944107	0.2888811453218025	0.06363287014409454
SRR8468522_1										27.584842215027468	2.4958679502183547	1.8934202682153531	0.26313488880147295	0.187042951429586	0.0773078402464662	0.0
SRR8468522_2										27.38169801649969	2.4745949428417218	1.9236071120935796	0.2683858123125668	0.18501801454876363	0.060183141186657255	0.0
SRR869504_1										13.023290768434917	7.042312037369077	7.400685225033693	0.04643510916100822	0.0723123900270594	0.05257143496165065	0.21649730944822196
SRR869504_2										12.405844044215456	6.942333867425278	6.7579125921164485	0.04439390872151121	0.11088802680665438	0.0	0.40000089265592376
SRR9596698										21.817258825570914	4.172541677051289	6.616346071890396	1.718109188783058	1.7234345352989806	0.10670901221740847	0.1654401356122599
SRR9596699										19.740590062743532	2.756716443191053	4.316897449949234	1.3951928938562712	1.6114426989023778	0.08579105012113497	0.2665952652186354
SRR9596707										16.504838893267692	6.051048520612986	14.830511083595146	6.347557170003193	10.998750857613397	2.7374421723265243	3.0258590870651214
SRR9596713										21.59061066789881	2.7999410252479713	3.8998232180598884	0.9494537949394425	0.7409928636098279	0.0	1.2170524589146647
SRR9596714										20.84021549222657	3.681278960182167	5.956899639136716	1.549511008753874	1.17060604371987	0.0366634557953103	0.5097134863515815
SRR9596715										18.532003746159102	6.227901014755177	15.571617712165104	6.753965032611248	11.953589032099838	2.9436520238132013	4.008586553308189
