	151
SRR11050679_1	26344808.0
	37	42	47	52	57	62	67	72	77	82	87	92	97	102	107	112	117	122	127	132	136
SRR11050679_1_paired	16.0	16.0	1440.0	1728.0	912.0	1928.0	2392.0	4624.0	1248.0	608.0	496.0	128.0	0.0	8.0	0.0	0.0	0.0	0.0	0.0	0.0	26026992.0
	151
SRR11050679_2	26344808.0
	89	90	91	92	93	94	95	96	97	98	99	100	101	102	103	104	105	106	107	108	109	110	111	112	113	114	115	116	117	118	119	120	121	122	123	124	125	126	127	128	129	130	131	132	133	134	135	136
SRR11050679_2_paired	24.0	0.0	0.0	0.0	0.0	40.0	80.0	0.0	0.0	8.0	0.0	0.0	0.0	0.0	0.0	0.0	0.0	0.0	0.0	0.0	0.0	0.0	0.0	0.0	0.0	0.0	0.0	0.0	0.0	0.0	0.0	0.0	0.0	0.0	0.0	0.0	0.0	0.0	0.0	0.0	0.0	0.0	0.0	0.0	0.0	16.0	24.0	26042344.0
	151
SRR11816476_1	10048360.0
	64	66	68	70	72	74	76	78	80	82	84	86	88	90	92	94	96	98	100	102	104	106	108	110	112	114	116	118	120	122	124	126	128	130	132	134	136
SRR11816476_1_paired	16.0	0.0	0.0	0.0	0.0	0.0	0.0	0.0	0.0	0.0	0.0	0.0	0.0	0.0	0.0	0.0	0.0	0.0	0.0	0.0	0.0	0.0	0.0	0.0	0.0	0.0	0.0	0.0	0.0	0.0	0.0	0.0	0.0	0.0	0.0	0.0	9815888.0
	151
SRR11816476_2	10048360.0
	40	42	44	46	48	50	52	54	56	58	60	62	64	66	68	70	72	74	76	78	80	82	84	86	88	90	92	94	96	98	100	102	104	106	108	110	112	114	116	118	120	122	124	126	128	130	132	134	136
SRR11816476_2_paired	8.0	0.0	0.0	0.0	0.0	0.0	0.0	8.0	0.0	8.0	0.0	0.0	24.0	0.0	24.0	16.0	0.0	0.0	0.0	0.0	0.0	0.0	8.0	72.0	440.0	208.0	608.0	664.0	808.0	448.0	832.0	768.0	232.0	256.0	440.0	400.0	424.0	1032.0	168.0	144.0	40.0	0.0	8.0	0.0	0.0	0.0	0.0	0.0	9807816.0
	151
SRR11816478_1	10613912.0
	48	50	52	54	56	58	60	62	64	66	68	70	72	74	76	78	80	82	84	86	88	90	92	94	96	98	100	102	104	106	108	110	112	114	116	118	120	122	124	126	128	130	132	134	136
SRR11816478_1_paired	8.0	8.0	0.0	0.0	0.0	0.0	0.0	0.0	0.0	0.0	0.0	0.0	0.0	0.0	0.0	0.0	0.0	0.0	0.0	0.0	0.0	0.0	0.0	0.0	0.0	0.0	0.0	0.0	0.0	0.0	0.0	0.0	0.0	0.0	0.0	0.0	0.0	0.0	0.0	0.0	0.0	0.0	0.0	0.0	10381424.0
	151
SRR11816478_2	10613912.0
	40	42	44	46	48	50	52	54	56	58	60	62	64	66	68	70	72	74	76	78	80	82	84	86	88	90	92	94	96	98	100	102	104	106	108	110	112	114	116	118	120	122	124	126	128	130	132	134	136
SRR11816478_2_paired	16.0	0.0	8.0	0.0	0.0	0.0	0.0	8.0	0.0	16.0	0.0	0.0	0.0	0.0	40.0	40.0	0.0	8.0	0.0	0.0	0.0	0.0	48.0	104.0	360.0	176.0	504.0	488.0	880.0	472.0	768.0	856.0	360.0	336.0	432.0	384.0	592.0	1088.0	176.0	104.0	16.0	0.0	8.0	0.0	0.0	0.0	0.0	8.0	10373144.0
	151
SRR11816479_1	9152600.0
	52	54	56	58	60	62	64	66	68	70	72	74	76	78	80	82	84	86	88	90	92	94	96	98	100	102	104	106	108	110	112	114	116	118	120	122	124	126	128	130	132	134	136
SRR11816479_1_paired	16.0	0.0	8.0	0.0	0.0	0.0	16.0	0.0	0.0	0.0	0.0	0.0	0.0	0.0	0.0	0.0	0.0	0.0	0.0	0.0	0.0	0.0	0.0	0.0	0.0	8.0	0.0	0.0	0.0	0.0	0.0	0.0	0.0	0.0	0.0	0.0	0.0	0.0	0.0	0.0	0.0	8.0	8942032.0
	151
SRR11816479_2	9152600.0
	40	42	44	46	48	50	52	54	56	58	60	62	64	66	68	70	72	74	76	78	80	82	84	86	88	90	92	94	96	98	100	102	104	106	108	110	112	114	116	118	120	122	124	126	128	130	132	134	136
SRR11816479_2_paired	8.0	0.0	0.0	0.0	0.0	0.0	0.0	24.0	0.0	16.0	0.0	0.0	16.0	8.0	16.0	8.0	0.0	8.0	0.0	0.0	0.0	0.0	48.0	88.0	392.0	184.0	592.0	496.0	768.0	376.0	840.0	872.0	296.0	280.0	368.0	376.0	496.0	912.0	144.0	216.0	40.0	0.0	8.0	0.0	0.0	0.0	0.0	16.0	8934176.0
	151
SRR12963743_1	10774328.0
	136
SRR12963743_1_paired	10604664.0
	151
SRR12963743_2	10774328.0
	58	60	62	64	66	68	70	72	74	76	78	80	82	84	86	88	90	92	94	96	98	100	102	104	106	108	110	112	114	116	118	120	122	124	126	128	130	132	134	136
SRR12963743_2_paired	56.0	144.0	48.0	0.0	0.0	0.0	0.0	0.0	0.0	0.0	8.0	0.0	0.0	0.0	0.0	0.0	0.0	40.0	0.0	0.0	0.0	0.0	0.0	0.0	0.0	0.0	0.0	0.0	0.0	0.0	0.0	0.0	0.0	0.0	0.0	0.0	0.0	0.0	16.0	10604352.0
	151
SRR12963744_1	18268344.0
	136
SRR12963744_1_paired	17992656.0
	151
SRR12963744_2	18268344.0
	58	60	62	64	66	68	70	72	74	76	78	80	82	84	86	88	90	92	94	96	98	100	102	104	106	108	110	112	114	116	118	120	122	124	126	128	130	132	134	136
SRR12963744_2_paired	104.0	312.0	80.0	0.0	0.0	0.0	0.0	0.0	8.0	0.0	0.0	0.0	0.0	0.0	0.0	0.0	0.0	128.0	0.0	0.0	0.0	0.0	0.0	0.0	0.0	0.0	0.0	0.0	0.0	0.0	0.0	0.0	0.0	0.0	0.0	0.0	0.0	0.0	40.0	17991984.0
	151
SRR12963745_1	15272648.0
	135	136
SRR12963745_1_paired	8.0	15168648.0
	151
SRR12963745_2	15272648.0
	58	60	62	64	66	68	70	72	74	76	78	80	82	84	86	88	90	92	94	96	98	100	102	104	106	108	110	112	114	116	118	120	122	124	126	128	130	132	134	136
SRR12963745_2_paired	104.0	216.0	72.0	0.0	0.0	0.0	0.0	0.0	0.0	0.0	0.0	0.0	0.0	0.0	0.0	0.0	0.0	136.0	0.0	8.0	0.0	0.0	0.0	0.0	0.0	0.0	0.0	0.0	0.0	0.0	0.0	0.0	0.0	0.0	0.0	0.0	0.0	0.0	24.0	15168096.0
	101
SRR12963788_1	11902797.0
	38	39	40	41	42	43	44	45	46	47	48	49	50	51	52	53	54	55	56	57	58	59	60	61	62	63	64	65	66	67	68	69	70	71	72	73	74	75	76	77	78	79	80	81	82	83	84	85	86
SRR12963788_1_paired	97.0	29.0	165.0	44.0	0.0	26.0	7.0	0.0	0.0	0.0	0.0	0.0	0.0	0.0	0.0	0.0	0.0	0.0	0.0	4.0	0.0	0.0	0.0	0.0	0.0	0.0	0.0	0.0	0.0	0.0	0.0	0.0	0.0	0.0	0.0	0.0	0.0	2.0	1.0	0.0	0.0	0.0	0.0	0.0	15.0	7.0	5.0	20.0	11493571.0
	101
SRR12963788_2	11902797.0
	64	65	66	67	68	69	70	71	72	73	74	75	76	77	78	79	80	81	82	83	84	85	86
SRR12963788_2_paired	1.0	0.0	0.0	0.0	0.0	0.0	0.0	0.0	0.0	0.0	0.0	0.0	0.0	0.0	0.0	0.0	0.0	2.0	18.0	10.0	25.0	88.0	11493849.0
	101
SRR12963789_1	9481008.0
	38	39	40	41	42	43	44	45	46	47	48	49	50	51	52	53	54	55	56	57	58	59	60	61	62	63	64	65	66	67	68	69	70	71	72	73	74	75	76	77	78	79	80	81	82	83	84	85	86
SRR12963789_1_paired	81.0	24.0	167.0	38.0	0.0	14.0	7.0	0.0	2.0	0.0	0.0	0.0	0.0	0.0	0.0	0.0	0.0	0.0	0.0	3.0	0.0	0.0	0.0	0.0	0.0	0.0	0.0	0.0	0.0	0.0	0.0	0.0	0.0	0.0	0.0	0.0	0.0	0.0	1.0	0.0	0.0	0.0	0.0	0.0	4.0	9.0	5.0	15.0	9191156.0
	101
SRR12963789_2	9481008.0
	61	62	63	64	65	66	67	68	69	70	71	72	73	74	75	76	77	78	79	80	81	82	83	84	85	86
SRR12963789_2_paired	1.0	4.0	0.0	3.0	0.0	0.0	0.0	0.0	0.0	0.0	0.0	0.0	0.0	0.0	0.0	0.0	0.0	0.0	0.0	1.0	7.0	17.0	8.0	21.0	89.0	9191375.0
	76
SRR12963790_1	6531985.0
	60	61
SRR12963790_1_paired	15.0	5437855.0
	76
SRR12963790_2	6531985.0
	37	38	39	40	41	42	43	44	45	46	47	48	49	50	51	52	53	54	55	56	57	58	59	60	61
SRR12963790_2_paired	5.0	0.0	0.0	0.0	0.0	0.0	0.0	0.0	0.0	0.0	0.0	0.0	0.0	0.0	0.0	0.0	0.0	0.0	0.0	0.0	0.0	0.0	0.0	8.0	5437857.0
	150
SRR13326549_1	31268384.0
	135
SRR13326549_1_paired	30991744.0
	150
SRR13326549_2	31268384.0
	101	102	103	104	105	106	107	108	109	110	111	112	113	114	115	116	117	118	119	120	121	122	123	124	125	126	127	128	129	130	131	132	133	134	135
SRR13326549_2_paired	568.0	0.0	0.0	0.0	0.0	0.0	0.0	0.0	0.0	0.0	0.0	0.0	0.0	0.0	0.0	0.0	0.0	0.0	0.0	0.0	0.0	0.0	0.0	0.0	0.0	0.0	0.0	0.0	0.0	0.0	0.0	0.0	0.0	0.0	30991176.0
	150
SRR13326553_1	24868176.0
	135
SRR13326553_1_paired	24689688.0
	150
SRR13326553_2	24868176.0
	134	135
SRR13326553_2_paired	184.0	24689504.0
	150
SRR14483578_1	6130864.0
	135
SRR14483578_1_paired	5861944.0
	150
SRR14483578_2	6130864.0
	135
SRR14483578_2_paired	5861944.0
	150
SRR14483579_1	3911416.0
	135
SRR14483579_1_paired	3708560.0
	150
SRR14483579_2	3911416.0
	135
SRR14483579_2_paired	3708560.0
	150
SRR14483580_1	5364584.0
	135
SRR14483580_1_paired	5108232.0
	150
SRR14483580_2	5364584.0
	135
SRR14483580_2_paired	5108232.0
	151
SRR14517640_1	32166640.0
	37	42	47	52	57	62	67	72	77	82	87	92	97	102	107	112	117	122	127	132	136
SRR14517640_1_paired	144.0	104.0	0.0	0.0	0.0	936.0	1360.0	0.0	0.0	0.0	0.0	0.0	0.0	0.0	0.0	0.0	0.0	0.0	0.0	0.0	31916792.0
	151
SRR14517640_2	32166640.0
	37	42	47	52	57	62	67	72	77	82	87	92	97	102	107	112	117	122	127	132	136
SRR14517640_2_paired	24.0	32.0	480.0	0.0	0.0	0.0	0.0	0.0	0.0	0.0	0.0	0.0	0.0	0.0	0.0	0.0	0.0	0.0	0.0	0.0	31918800.0
	151
SRR14839288_1	32166640.0
	37	42	47	52	57	62	67	72	77	82	87	92	97	102	107	112	117	122	127	132	136
SRR14839288_1_paired	144.0	104.0	0.0	0.0	0.0	936.0	1360.0	0.0	0.0	0.0	0.0	0.0	0.0	0.0	0.0	0.0	0.0	0.0	0.0	0.0	31916792.0
	151
SRR14839288_2	32166640.0
	37	42	47	52	57	62	67	72	77	82	87	92	97	102	107	112	117	122	127	132	136
SRR14839288_2_paired	24.0	32.0	480.0	0.0	0.0	0.0	0.0	0.0	0.0	0.0	0.0	0.0	0.0	0.0	0.0	0.0	0.0	0.0	0.0	0.0	31918800.0
	150
SRR21096539_1	13833864.0
	135
SRR21096539_1_paired	13213024.0
	150
SRR21096539_2	13833864.0
	135
SRR21096539_2_paired	13213024.0
	150
SRR21096542_1	14866352.0
	135
SRR21096542_1_paired	13528336.0
	150
SRR21096542_2	14866352.0
	135
SRR21096542_2_paired	13528336.0
	150
SRR21096545_1	9271336.0
	135
SRR21096545_1_paired	8851096.0
	150
SRR21096545_2	9271336.0
	135
SRR21096545_2_paired	8851096.0
	150
SRR21096550_1	9027784.0
	135
SRR21096550_1_paired	8400224.0
	150
SRR21096550_2	9027784.0
	135
SRR21096550_2_paired	8400224.0
	74	76	78	80	82	84	86	88	90	92	94	96	98	100	102	104	106	108	110	112	114	116	118	120	122	124	126	128	130	132	134	136	138	140	142	144	146	148	150
SRR21159093_1	1552.0	3048.0	3832.0	4904.0	6272.0	7776.0	9424.0	11856.0	14656.0	17624.0	23376.0	27768.0	31776.0	36568.0	43744.0	52984.0	61256.0	69056.0	76304.0	84248.0	91320.0	101952.0	107640.0	113488.0	122104.0	132928.0	144144.0	151200.0	156800.0	165552.0	172256.0	181712.0	195000.0	202768.0	198072.0	197712.0	203128.0	198832.0	17399888.0
	52	54	56	58	60	62	64	66	68	70	72	74	76	78	80	82	84	86	88	90	92	94	96	98	100	102	104	106	108	110	112	114	116	118	120	122	124	126	128	130	132	134
SRR21159093_1_paired	16.0	0.0	40.0	0.0	3040.0	3280.0	4480.0	5472.0	7360.0	8240.0	10576.0	13024.0	16168.0	19864.0	26536.0	29448.0	34576.0	39328.0	48920.0	57240.0	63888.0	73136.0	80440.0	87392.0	96360.0	106528.0	109680.0	117104.0	128272.0	136920.0	148432.0	155384.0	158136.0	171584.0	176704.0	186640.0	200448.0	200920.0	198888.0	197480.0	202528.0	17495080.0
	74	76	78	80	82	84	86	88	90	92	94	96	98	100	102	104	106	108	110	112	114	116	118	120	122	124	126	128	130	132	134	136	138	140	142	144	146	148	150
SRR21159093_2	1616.0	3160.0	4000.0	5104.0	6472.0	7888.0	9600.0	12008.0	14728.0	17736.0	23504.0	28008.0	31936.0	36768.0	44048.0	53248.0	61464.0	69280.0	76488.0	84472.0	91504.0	102088.0	107728.0	113704.0	122448.0	133176.0	144296.0	151656.0	157176.0	165896.0	172368.0	182640.0	196176.0	200272.0	198072.0	197712.0	203128.0	198832.0	17394120.0
	60	62	64	66	68	70	72	74	76	78	80	82	84	86	88	90	92	94	96	98	100	102	104	106	108	110	112	114	116	118	120	122	124	126	128	130	132	134
SRR21159093_2_paired	3160.0	3408.0	4672.0	5624.0	7552.0	8376.0	10704.0	13128.0	16248.0	20048.0	26752.0	29568.0	34816.0	39536.0	49216.0	57448.0	64104.0	73328.0	80648.0	87592.0	96504.0	106640.0	109880.0	117384.0	128472.0	137120.0	148744.0	155808.0	158480.0	171832.0	177232.0	187488.0	201464.0	197992.0	198888.0	197480.0	202520.0	17489696.0
	74	76	78	80	82	84	86	88	90	92	94	96	98	100	102	104	106	108	110	112	114	116	118	120	122	124	126	128	130	132	134	136	138	140	142	144	146	148	150
SRR21159094_1	1520.0	2888.0	3496.0	4312.0	5160.0	7168.0	8912.0	10832.0	12616.0	15792.0	19576.0	23744.0	29216.0	33520.0	39704.0	47104.0	54112.0	60432.0	66208.0	73928.0	83616.0	92448.0	102272.0	105136.0	111592.0	118880.0	128880.0	136008.0	143144.0	148056.0	156512.0	162984.0	171312.0	178080.0	175648.0	178944.0	184064.0	189160.0	17420792.0
	74	76	78	80	82	84	86	88	90	92	94	96	98	100	102	104	106	108	110	112	114	116	118	120	122	124	126	128	130	132	134	136	138	140	142	144	146	148	150
SRR21159094_2	1616.0	3032.0	3760.0	4472.0	5432.0	7416.0	9216.0	11232.0	12920.0	15976.0	19856.0	24176.0	29368.0	33808.0	39960.0	47424.0	54448.0	60800.0	66424.0	74184.0	84008.0	92856.0	102616.0	105632.0	112088.0	119224.0	129144.0	136768.0	143944.0	148680.0	156792.0	164592.0	172472.0	178512.0	175648.0	178944.0	184064.0	189160.0	17407104.0
	74	76	78	80	82	84	86	88	90	92	94	96	98	100	102	104	106	108	110	112	114	116	118	120	122	124	126	128	130	132	134	136	138	140	142	144	146	148	150
SRR21159097_1	1280.0	2560.0	3608.0	4312.0	5656.0	6728.0	8792.0	10104.0	13112.0	16016.0	20256.0	26720.0	29752.0	35216.0	41560.0	49384.0	56472.0	65840.0	73560.0	81416.0	89960.0	98336.0	107504.0	110296.0	120552.0	128464.0	138936.0	146704.0	156872.0	161016.0	171528.0	178464.0	191576.0	199456.0	193032.0	195216.0	197296.0	195136.0	17011680.0
	50	52	54	56	58	60	62	64	66	68	70	72	74	76	78	80	82	84	86	88	90	92	94	96	98	100	102	104	106	108	110	112	114	116	118	120	122	124	126	128	130	132	134
SRR21159097_1_paired	8.0	8.0	8.0	24.0	0.0	2512.0	3056.0	3920.0	5048.0	5768.0	7936.0	9696.0	11040.0	14512.0	18104.0	23072.0	29712.0	32168.0	37488.0	45592.0	53800.0	59352.0	68968.0	78816.0	85912.0	94672.0	102072.0	109000.0	115648.0	125360.0	132376.0	142640.0	152512.0	157080.0	168512.0	175304.0	182384.0	195728.0	200536.0	191384.0	195352.0	197800.0	17106064.0
	74	76	78	80	82	84	86	88	90	92	94	96	98	100	102	104	106	108	110	112	114	116	118	120	122	124	126	128	130	132	134	136	138	140	142	144	146	148	150
SRR21159097_2	1344.0	2728.0	3736.0	4432.0	5848.0	6904.0	9024.0	10352.0	13496.0	16200.0	20416.0	26984.0	30128.0	35432.0	41800.0	49632.0	56688.0	65976.0	73752.0	81752.0	90312.0	98576.0	107624.0	110672.0	120912.0	128680.0	139080.0	147272.0	157296.0	161568.0	171728.0	179672.0	192680.0	195200.0	193032.0	195216.0	197296.0	195136.0	17005792.0
	60	62	64	66	68	70	72	74	76	78	80	82	84	86	88	90	92	94	96	98	100	102	104	106	108	110	112	114	116	118	120	122	124	126	128	130	132	134
SRR21159097_2_paired	2640.0	3192.0	4048.0	5192.0	5960.0	8152.0	9928.0	11296.0	14824.0	18216.0	23320.0	30016.0	32384.0	37688.0	45888.0	54048.0	59528.0	69120.0	79032.0	86240.0	95000.0	102232.0	109240.0	115968.0	125712.0	132488.0	143008.0	153000.0	157584.0	168768.0	176016.0	183472.0	196640.0	195872.0	191384.0	195352.0	197800.0	17100696.0
	74	76	78	80	82	84	86	88	90	92	94	96	98	100	102	104	106	108	110	112	114	116	118	120	122	124	126	128	130	132	134	136	138	140	142	144	146	148	150
SRR21159098_1	2128.0	5664.0	6552.0	7528.0	9800.0	12304.0	14760.0	18280.0	22088.0	26224.0	31936.0	37736.0	44376.0	51264.0	59216.0	65688.0	77480.0	86384.0	92608.0	101424.0	110096.0	119296.0	127288.0	134520.0	139144.0	146832.0	155984.0	159520.0	168776.0	168832.0	169976.0	178040.0	180600.0	182632.0	188528.0	187832.0	187696.0	193032.0	17176896.0
	60	62	64	66	68	70	72	74	76	78	80	82	84	86	88	90	92	94	96	98	100	102	104	106	108	110	112	114	116	118	120	122	124	126	128	130	132	134
SRR21159098_1_paired	4816.0	6072.0	6928.0	8544.0	11024.0	13744.0	16760.0	19856.0	23288.0	29376.0	34984.0	41184.0	48168.0	55008.0	61784.0	71808.0	80840.0	90752.0	97304.0	105104.0	113736.0	124856.0	129992.0	137640.0	142992.0	150808.0	158104.0	163960.0	169032.0	169360.0	174640.0	179088.0	183904.0	184448.0	187472.0	187096.0	190696.0	17272200.0
	74	76	78	80	82	84	86	88	90	92	94	96	98	100	102	104	106	108	110	112	114	116	118	120	122	124	126	128	130	132	134	136	138	140	142	144	146	148	150
SRR21159098_2	2200.0	5728.0	6640.0	7688.0	9880.0	12424.0	14936.0	18472.0	22248.0	26400.0	32184.0	37952.0	44688.0	51424.0	59488.0	65952.0	77728.0	86552.0	92736.0	101728.0	110416.0	119616.0	127496.0	134808.0	139544.0	147024.0	156280.0	159992.0	169256.0	169256.0	170240.0	178976.0	181728.0	183656.0	188528.0	187832.0	187696.0	193032.0	17166536.0
	60	62	64	66	68	70	72	74	76	78	80	82	84	86	88	90	92	94	96	98	100	102	104	106	108	110	112	114	116	118	120	122	124	126	128	130	132	134
SRR21159098_2_paired	4904.0	6144.0	7064.0	8632.0	11120.0	13888.0	16968.0	19984.0	23552.0	29504.0	35272.0	41440.0	48400.0	55240.0	62016.0	72120.0	81024.0	90872.0	97464.0	105464.0	114008.0	125144.0	130160.0	138080.0	143240.0	151072.0	158472.0	164432.0	169464.0	169664.0	175136.0	180096.0	185504.0	184504.0	187472.0	187096.0	190696.0	17262056.0
	37	42	47	52	57	62	67	72	77	82	87	92	97	102	107	112	117	122	127	132	137	142	147	150
SRR22311013_1	318264.0	584.0	1120.0	1184.0	1920.0	2696.0	4976.0	8496.0	14616.0	21312.0	34216.0	46248.0	62480.0	75528.0	90552.0	103560.0	123976.0	137576.0	157616.0	176384.0	198216.0	220416.0	8702792.0	17053152.0
	36	38	40	42	44	46	48	50	52	54	56	58	60	62	64	66	68	70	72	74	76	78	80	82	84	86	88	90	92	94	96	98	100	102	104	106	108	110	112	114	116	118	120	122	124	126	128	130	132	134
SRR22311013_1_paired	424.0	544.0	648.0	848.0	840.0	1024.0	1224.0	1536.0	2256.0	2568.0	3232.0	3856.0	5088.0	6040.0	6904.0	7984.0	9800.0	12336.0	14536.0	15496.0	17696.0	20176.0	23184.0	25824.0	27368.0	29288.0	31872.0	34720.0	35992.0	39440.0	41168.0	42072.0	45768.0	51472.0	53000.0	54608.0	55864.0	59168.0	64000.0	67808.0	69320.0	72576.0	75672.0	79872.0	86544.0	86520.0	88592.0	232152.0	2276368.0	22868272.0
	37	42	47	52	57	62	67	72	77	82	87	92	97	102	107	112	117	122	127	132	137	142	147	150
SRR22311013_2	10672.0	656.0	1192.0	1312.0	1976.0	2872.0	5056.0	8664.0	14960.0	21640.0	34696.0	46648.0	63424.0	76128.0	91384.0	104440.0	125128.0	138968.0	158632.0	178432.0	200552.0	224856.0	9333944.0	16711648.0
	36	38	40	42	44	46	48	50	52	54	56	58	60	62	64	66	68	70	72	74	76	78	80	82	84	86	88	90	92	94	96	98	100	102	104	106	108	110	112	114	116	118	120	122	124	126	128	130	132	134
SRR22311013_2_paired	448.0	616.0	688.0	848.0	912.0	1080.0	1296.0	1568.0	2272.0	2552.0	3272.0	3928.0	5232.0	6152.0	6968.0	8032.0	9880.0	12480.0	14640.0	15600.0	17752.0	20352.0	23528.0	26184.0	27568.0	29504.0	32152.0	34864.0	36384.0	39856.0	41480.0	42464.0	46296.0	51936.0	53704.0	55272.0	56216.0	59584.0	64384.0	68528.0	69920.0	73640.0	76608.0	80864.0	88144.0	87368.0	91032.0	234816.0	2383136.0	22741560.0
	37	42	47	52	57	62	67	72	77	82	87	92	97	102	107	112	117	122	127	132	137	142	147	150
SRR22311015_1	1114392.0	4200.0	5600.0	8992.0	14000.0	25368.0	43552.0	73296.0	119120.0	178240.0	250944.0	327184.0	399000.0	460824.0	514496.0	549736.0	585600.0	616704.0	632928.0	652640.0	669432.0	671176.0	13660680.0	25989256.0
	36	38	40	42	44	46	48	50	52	54	56	58	60	62	64	66	68	70	72	74	76	78	80	82	84	86	88	90	92	94	96	98	100	102	104	106	108	110	112	114	116	118	120	122	124	126	128	130	132	134
SRR22311015_1_paired	3368.0	4208.0	4704.0	5864.0	7424.0	9200.0	11984.0	15136.0	17600.0	21968.0	27728.0	33872.0	42168.0	48416.0	58192.0	67472.0	79840.0	91888.0	102312.0	114920.0	127664.0	138816.0	152352.0	159888.0	173240.0	180000.0	190280.0	198176.0	207936.0	213224.0	217184.0	222616.0	227824.0	237368.0	239216.0	246200.0	246360.0	250112.0	252552.0	259824.0	256448.0	260856.0	263376.0	266168.0	273088.0	264968.0	267512.0	476488.0	3743960.0	34988176.0
	37	42	47	52	57	62	67	72	77	82	87	92	97	102	107	112	117	122	127	132	137	142	147	150
SRR22311015_2	108392.0	4320.0	5728.0	9192.0	14360.0	25760.0	43992.0	73928.0	119728.0	179816.0	252576.0	329528.0	400864.0	463024.0	517320.0	552528.0	587496.0	620672.0	635944.0	658696.0	675816.0	686304.0	14441472.0	26159904.0
	36	38	40	42	44	46	48	50	52	54	56	58	60	62	64	66	68	70	72	74	76	78	80	82	84	86	88	90	92	94	96	98	100	102	104	106	108	110	112	114	116	118	120	122	124	126	128	130	132	134
SRR22311015_2_paired	3464.0	4312.0	4856.0	5936.0	7584.0	9408.0	12104.0	15344.0	17776.0	22168.0	27936.0	34120.0	42352.0	48568.0	58672.0	67936.0	80408.0	92528.0	102880.0	115608.0	128568.0	139608.0	153208.0	160808.0	174528.0	181344.0	191392.0	199856.0	209592.0	214648.0	218720.0	224424.0	229632.0	238000.0	241040.0	248256.0	248184.0	251968.0	254288.0	261360.0	260128.0	264024.0	266200.0	269488.0	277520.0	270192.0	275632.0	515312.0	4094296.0	34533960.0
	37	42	47	52	57	62	67	72	77	82	87	92	97	102	107	112	117	122	127	132	137	142	147	150
SRR22311018_1	446360.0	1168.0	1656.0	2224.0	3320.0	5312.0	8640.0	14160.0	23936.0	36064.0	55112.0	72008.0	97296.0	116984.0	142776.0	161960.0	194312.0	215232.0	249288.0	282792.0	317056.0	348320.0	10042624.0	19616912.0
	36	38	40	42	44	46	48	50	52	54	56	58	60	62	64	66	68	70	72	74	76	78	80	82	84	86	88	90	92	94	96	98	100	102	104	106	108	110	112	114	116	118	120	122	124	126	128	130	132	134
SRR22311018_1_paired	856.0	896.0	1064.0	1368.0	1856.0	2008.0	2320.0	2864.0	3600.0	4368.0	5520.0	6296.0	8040.0	10224.0	11664.0	13440.0	16368.0	20160.0	22752.0	24592.0	28576.0	30512.0	36096.0	39864.0	42584.0	45024.0	49736.0	52760.0	59176.0	60400.0	63592.0	67312.0	72736.0	79600.0	82720.0	85744.0	87008.0	93656.0	102096.0	108416.0	111816.0	113648.0	121400.0	125416.0	138520.0	136984.0	140640.0	295432.0	2618688.0	26271256.0
	37	42	47	52	57	62	67	72	77	82	87	92	97	102	107	112	117	122	127	132	137	142	147	150
SRR22311018_2	15488.0	1248.0	1888.0	2448.0	3528.0	5608.0	8848.0	14536.0	24296.0	36504.0	55792.0	72336.0	97944.0	117720.0	142768.0	162472.0	194776.0	216080.0	250184.0	284944.0	320672.0	355032.0	10938432.0	19131968.0
	36	38	40	42	44	46	48	50	52	54	56	58	60	62	64	66	68	70	72	74	76	78	80	82	84	86	88	90	92	94	96	98	100	102	104	106	108	110	112	114	116	118	120	122	124	126	128	130	132	134
SRR22311018_2_paired	912.0	968.0	1128.0	1416.0	1904.0	2120.0	2472.0	2912.0	3720.0	4456.0	5592.0	6544.0	8168.0	10328.0	11800.0	13584.0	16544.0	20344.0	23040.0	24720.0	28744.0	30752.0	36384.0	40064.0	42920.0	45520.0	50072.0	52848.0	59288.0	60408.0	64016.0	67832.0	73104.0	79832.0	83152.0	85952.0	87680.0	94128.0	102800.0	109032.0	113048.0	114760.0	123040.0	127096.0	141048.0	138312.0	144416.0	308728.0	2774144.0	26079872.0
	37	42	47	52	57	62	67	72	77	82	87	92	97	102	107	112	117	122	127	132	137	142	147	150
SRR22311020_1	942584.0	6952.0	10496.0	15000.0	25144.0	42248.0	70728.0	116416.0	184680.0	266424.0	362016.0	455336.0	549384.0	608176.0	672912.0	720280.0	766144.0	791872.0	829424.0	857112.0	887064.0	884608.0	17016840.0	33004776.0
	36	38	40	42	44	46	48	50	52	54	56	58	60	62	64	66	68	70	72	74	76	78	80	82	84	86	88	90	92	94	96	98	100	102	104	106	108	110	112	114	116	118	120	122	124	126	128	130	132	134
SRR22311020_1_paired	5720.0	6496.0	8272.0	10664.0	12992.0	15688.0	19440.0	23888.0	29672.0	35944.0	43480.0	53328.0	64536.0	75440.0	89216.0	102168.0	117616.0	134104.0	146552.0	163344.0	177032.0	192984.0	210440.0	220328.0	233984.0	239800.0	248032.0	258680.0	272120.0	280552.0	285208.0	290584.0	296280.0	308840.0	313360.0	314656.0	318280.0	323152.0	335248.0	338536.0	340272.0	342464.0	352384.0	352256.0	359936.0	347288.0	352920.0	609784.0	4596280.0	44334688.0
	37	42	47	52	57	62	67	72	77	82	87	92	97	102	107	112	117	122	127	132	137	142	147	150
SRR22311020_2	128960.0	7080.0	10624.0	15152.0	25416.0	42344.0	71232.0	116936.0	185384.0	267488.0	363552.0	457408.0	550976.0	611936.0	676864.0	723616.0	769064.0	795560.0	832184.0	866360.0	896656.0	911304.0	18352448.0	32408072.0
	36	38	40	42	44	46	48	50	52	54	56	58	60	62	64	66	68	70	72	74	76	78	80	82	84	86	88	90	92	94	96	98	100	102	104	106	108	110	112	114	116	118	120	122	124	126	128	130	132	134
SRR22311020_2_paired	5816.0	6528.0	8472.0	10728.0	13016.0	15664.0	19576.0	24168.0	29800.0	36160.0	43760.0	53424.0	64664.0	75432.0	89600.0	102296.0	118000.0	134464.0	146896.0	163632.0	177848.0	193584.0	211312.0	221280.0	235112.0	241080.0	249736.0	260616.0	273688.0	282544.0	286912.0	292432.0	298560.0	309688.0	315176.0	316992.0	320104.0	324808.0	336808.0	340400.0	344672.0	347368.0	356904.0	356816.0	365496.0	358056.0	365848.0	671552.0	5241416.0	43546024.0
	101
SRR26583189_1	212980520.0
	101
SRR26583189_2	212980520.0
	101
SRR26583191_1	218052720.0
	101
SRR26583191_2	218052720.0
	101
SRR27194003_1	11836800.0
	101
SRR27194003_2	11836800.0
	101
SRR27194004_1	11445560.0
	101
SRR27194004_2	11445560.0
	150
SRR29317039_1	22884632.0
	150
SRR29317039_2	22884632.0
	150
SRR29317041_1	25093968.0
	150
SRR29317041_2	25093968.0
	101
SRR30844226_1	151497680.0
	101
SRR30844226_2	151497680.0
	101
SRR30844227_1	110776496.0
	101
SRR30844227_2	110776496.0
	150
SRR33450572_1	48724512.0
	150
SRR33450572_2	48724512.0
	126
SRR6662598_1	26788528.0
	126
SRR6662598_2	26788528.0
	126
SRR6662600_1	16863856.0
	126
SRR6662600_2	16863856.0
	28	30	32	34	36	38	40	42	44	46	48	50	52	54	56	58	60	62	64	66	68	70	72	74	76	78	80	82	84	86	88	90	92	94	96	98	100	102	104	106	108	110	112	114	116	118
SRR8468522_1	32656.0	69632.0	80040.0	84480.0	88216.0	91160.0	90416.0	92304.0	93144.0	93720.0	99160.0	99408.0	99936.0	100960.0	102480.0	106000.0	107512.0	110816.0	114160.0	118792.0	120344.0	125584.0	136024.0	145320.0	153264.0	157776.0	165256.0	168072.0	177368.0	183384.0	190992.0	197696.0	212984.0	224128.0	231976.0	247392.0	259248.0	276072.0	292440.0	317368.0	369080.0	371544.0	924464.0	815248.0	958280.0	56171136.0
	28	30	32	34	36	38	40	42	44	46	48	50	52	54	56	58	60	62	64	66	68	70	72	74	76	78	80	82	84	86	88	90	92	94	96	98	100	102	104	106	108	110	112	114	116	118
SRR8468522_2	45696.0	92632.0	93208.0	90360.0	91656.0	90784.0	89456.0	87736.0	88728.0	90016.0	92136.0	92864.0	95808.0	97040.0	98840.0	104448.0	113952.0	112176.0	114544.0	104088.0	104024.0	103616.0	113064.0	112632.0	119112.0	119216.0	123200.0	126344.0	132928.0	136592.0	142248.0	147832.0	154384.0	158496.0	164880.0	169360.0	174968.0	189832.0	203336.0	230928.0	237664.0	238688.0	245512.0	258000.0	700160.0	58974248.0
	100
SRR869504_1	28206932.0
	100
SRR869504_2	28206932.0
	101
SRR9596698	31748504.0
	101
SRR9596699	28045264.0
	101
SRR9596707	25407736.0
	101
SRR9596713	31078848.0
	101
SRR9596714	28480448.0
	101
SRR9596715	51573536.0

